0,1.41393805052188e-06
3.0459219840254e-06,5.3599390315017e-06
6.09184396805081e-06,1.11304519886597e-05
9.13776595207621e-06,1.78545566353008e-05
1.21836879361016e-05,2.47179810255451e-05
1.5229609920127e-05,3.11048413036084e-05
1.82755319041524e-05,3.66438375649042e-05
2.13214538881778e-05,4.11832649615709e-05
2.43673758722032e-05,4.47316140080706e-05
2.74132978562286e-05,4.73933325370328e-05
3.0459219840254e-05,5.35438518341337e-05
3.35051418242794e-05,6.52777493031809e-05
3.65510638083048e-05,8.1352051247301e-05
3.95969857923302e-05,0.000100130253013602
4.26429077763556e-05,0.000119812297648757
4.5688829760381e-05,0.000138631267289682
4.87347517444064e-05,0.000155043181136211
5.17806737284318e-05,0.000167910401833859
5.48265957124572e-05,0.000176633818949489
5.78725176964827e-05,0.000181182752614075
6.09184396805081e-05,0.000192276948459957
6.39643616645335e-05,0.000211820791822416
6.70102836485589e-05,0.000237959487699884
7.00562056325843e-05,0.000268127995689068
7.31021276166097e-05,0.000299390580456326
7.61480496006351e-05,0.000328821323661613
7.91939715846605e-05,0.000353893091774831
8.22398935686859e-05,0.000372811861556751
8.52858155527113e-05,0.000384713771604274
8.83317375367367e-05,0.000389671552645882
9.13776595207621e-05,0.000406151788296982
9.44235815047875e-05,0.000433629051725242
9.74695034888129e-05,0.000469429382501023
0.000100515425472838,0.000509957900649333
0.000103561347456864,0.000551206586341437
0.000106607269440889,0.000589302160887675
0.000109653191424914,0.000621020389503076
0.00011269911340894,0.000644181871528476
0.000115745035392965,0.000657846454102953
0.000118790957376991,0.000662268264202047
0.000121836879361016,0.000684503498666905
0.000124882801345041,0.00071975028061193
0.000127928723329067,0.000764450883564622
0.000130974645313092,0.000814052834157389
0.000134020567297118,0.000863656383404319
0.000137066489281143,0.000908672785883838
0.000140112411265169,0.000945402952968713
0.000143158333249194,0.000971448865742378
0.000146204255233219,0.000985883455961489
0.000149250177217245,0.00098915530701735
0.00015229609920127,0.00101722808091935
0.000155342021185296,0.00105978217857314
0.000158387943169321,0.00111242835765297
0.000161433865153346,0.00116979573314759
0.000164479787137372,0.00122627783605562
0.000167525709121397,0.00127675725960904
0.000170571631105423,0.00131721343553299
0.000173617553089448,0.0013451293394731
0.000176663475073473,0.00135963199468659
0.000179709397057499,0.00136135421410197
0.000182755319041524,0.00139509376287875
0.00018580124102555,0.00144432275911575
0.000188847163009575,0.0015039193704428
0.0001918930849936,0.00156783871677898
0.000194939006977626,0.00162992455245665
0.000197984928961651,0.00168467160851498
0.000201030850945677,0.00172784307572514
0.000204076772929702,0.00175686395332
0.000207122694913727,0.00177093310083648
0.000210168616897753,0.00177084975542015
0.000213214538881778,0.00180992191631145
0.000216260460865804,0.00186512670612432
0.000219306382849829,0.00193071780344094
0.000222352304833854,0.00200010545929796
0.00022539822681788,0.00206671017084117
0.000228444148801905,0.00212474444998909
0.000231490070785931,0.00216982915486574
0.000234535992769956,0.00219937007549443
0.000237581914753981,0.00221264422065692
0.000240627836738007,0.00221059784748823
0.000243673758722032,0.00225457923296311
0.000246719680706058,0.00231505490442804
0.000249765602690083,0.00238575619794108
0.000252811524674108,0.00245965842147917
0.000255857446658134,0.00252985990304592
0.000258903368642159,0.00259037133888383
0.000261949290626185,0.00263672472973491
0.00026499521261021,0.00266633218193868
0.000268041134594235,0.00267854945729096
0.000271087056578261,0.00267445110492821
0.000274132978562286,0.00272287832486856
0.000277178900546312,0.00278794564972421
0.000280224822530337,0.0028629534269195
0.000283270744514362,0.00294053421393496
0.000286316666498388,0.00301354541005447
0.000289362588482413,0.00307585827951343
0.000292408510466439,0.00312295580267607
0.000295454432450464,0.00315227376303795
0.000298500354434489,0.00316324443974814
0.000301546276418515,0.00315705342866936
0.00030459219840254,0.00320945320154758
0.000307638120386566,0.00327847324652834
0.000310684042370591,0.00335706282511015
0.000313729964354616,0.00343758895050514
0.000316775886338642,0.00351273408389451
0.000319821808322667,0.0035762793965897
0.000322867730306693,0.00362368930810633
0.000325913652290718,0.00365243542075602
0.000328959574274743,0.00366202294000144
0.000332005496258769,0.00365373295500521
0.000335051418242794,0.00370963975580233
0.00033809734022682,0.0037820194566077
0.000341143262210845,0.00386353954569998
0.00034418918419487,0.00394636639868459
0.000347235106178896,0.00402306176111672
0.000350281028162921,0.00408735640598305
0.000353326950146947,0.00413471999852
0.000356372872130972,0.00416266864616963
0.000359418794114998,0.00417077631788203
0.000362464716099023,0.00416040570248586
0.000365510638083048,0.0042193717365985
0.000368556560067074,0.00429456484107967
0.000371602482051099,0.00437843074218695
0.000374648404035125,0.00446299005164233
0.00037769432601915,0.00454072882422872
0.000380740248003175,0.00460535982851238
0.000383786169987201,0.00465237691328429
0.000386832091971226,0.00467934701052014
0.000389878013955252,0.00468590853513219
0.000392923935939277,0.00467349341905156
0.000395969857923302,0.00473509398058151
0.000399015779907328,0.00481259973544498
0.000402061701891353,0.00489828664995347
0.000405107623875379,0.00498407622700074
0.000408153545859404,0.00506241654991489
0.000411199467843429,0.00512702911706045
0.000414245389827455,0.00517344722785879
0.00041729131181148,0.00519929328203212
0.000420337233795506,0.00520426588822501
0.000423383155779531,0.00518985525303489
0.000426429077763556,0.00525369133639827
0.000429474999747582,0.00533305216711918
0.000432520921731607,0.00542008909580617
0.000435566843715633,0.00550666437840728
0.000438612765699658,0.00558521994326269
0.000441658687683683,0.00564950826374165
0.000444704609667709,0.0056951145110127
0.000447750531651734,0.00571971996963797
0.00045079645363576,0.00572307936697611
0.000453842375619785,0.0057067314559081
0.00045688829760381,0.00577243074346523
0.000459934219587836,0.00585322956979465
0.000462980141571861,0.00594119393394214
0.000466026063555887,0.00602816103017353
0.000469071985539912,0.00610659359825942
0.000472117907523937,0.00617029369507198
0.000475163829507963,0.00621490852100734
0.000478209751491988,0.00623818073734479
0.000481255673476014,0.00623991734436021
0.000484301595460039,0.00622169701621711
0.000487347517444064,0.00628891391199681
0.00049039343942809,0.00637077141720577
0.000493439361412115,0.00645928437758187
0.000496485283396141,0.00654629431327325
0.000499531205380166,0.00662430769424878
0.000502577127364191,0.00668719176656613
0.000505623049348217,0.00673066407537304
0.000508668971332242,0.00675253043179296
0.000511714893316268,0.00675264651123971
0.000514760815300293,0.00673262326544897
0.000517806737284318,0.00680103837388447
0.000520852659268344,0.00688361037461355
0.000523898581252369,0.00697233276657609
0.000526944503236395,0.00705907668419683
0.00052999042522042,0.00713641182088377
0.000533036347204446,0.00719828369668167
0.000536082269188471,0.00724048698835489
0.000539128191172496,0.00726089185680066
0.000542174113156522,0.00725939930344716
0.000545220035140547,0.00723764578767052
0.000548265957124572,0.00730696507445803
0.000551311879108598,0.00738994004918713
0.000554357801092623,0.0074785688379462
0.000557403723076649,0.00756477394073024
0.000560449645060674,0.0076412048333232
0.0005634955670447,0.00770189624836982
0.000566541489028725,0.00774272549135567
0.00056958741101275,0.00776162780528343
0.000572633332996776,0.00775854640819629
0.000575679254980801,0.00773513727676055
0.000578725176964826,0.00780509105250945
0.000581771098948852,0.00788818784214845
0.000584817020932877,0.00797645300704502
0.000587862942916903,0.00806187908559543
0.000590908864900928,0.00813720935578909
0.000593954786884954,0.00819657685319489
0.000597000708868979,0.00823594590632161
0.000600046630853004,0.0082533171839896
0.00060309255283703,0.0082486732375975
0.000606138474821055,0.00822368426780156
0.00060918439680508,0.00829402607774536
0.000612230318789106,0.00837699175105529
0.000615276240773131,0.00846465351976498
0.000618322162757157,0.00854908993484484
0.000621368084741182,0.00862314988114154
0.000624414006725208,0.00868107218125855
0.000627459928709233,0.00871891162829458
0.000630505850693258,0.00873473433293894
0.000633551772677284,0.008728559507389
0.000636597694661309,0.00870206690752755
0.000639643616645335,0.00877257237651994
0.00064268953862936,0.00885518024479244
0.000645735460613385,0.00894202661213911
0.000648781382597411,0.00902528963684104
0.000651827304581436,0.00909793367041956
0.000654873226565462,0.00915430940124117
0.000657919148549487,0.00919056469920955
0.000660965070533512,0.00920483085382462
0.000664010992517538,0.00919716126050256
0.000667056914501563,0.00916924112214309
0.000670102836485589,0.00923970678410507
0.000673148758469614,0.00932175454763759
0.000676194680453639,0.00940759902676081
0.000679240602437665,0.00948952947453899
0.00068228652442169,0.00956063385360775
0.000685332446405716,0.00961537956126315
0.000688378368389741,0.00965000943077097
0.000691424290373766,0.00966271942811152
0.000694470212357792,0.00965359483414161
0.000697516134341817,0.00962432269438679
0.000700562056325843,0.00969456482367582
0.000703607978309868,0.00977587283375297
0.000706653900293893,0.00986055239877855
0.000709699822277919,0.00994101348197943
0.000712745744261944,0.0100104742839161
0.00071579166624597,0.0100635226644654
0.000718837588229995,0.0100964976699977
0.00072188351021402,0.0101076592349521
0.000724929432198046,0.0100971223934409
0.000727975354182071,0.0100665728824628
0.000731021276166097,0.0101364263379179
0.000734067198150122,0.0102168359604997
0.000737113120134147,0.0103002091494672
0.000740159042118173,0.0103790845271712
0.000743204964102198,0.0104468158140198
0.000746250886086224,0.0104981141240508
0.000749296808070249,0.0105294154070464
0.000752342730054274,0.0105390426811765
0.0007553886520383,0.0105271387541397
0.000758434574022325,0.0104953853111084
0.000761480496006351,0.0105647023997882
0.000764526417990376,0.0106440744701732
0.000767572339974401,0.0107260196252316
0.000770618261958427,0.0108032116109345
0.000773664183942452,0.0108691437573944
0.000776710105926478,0.0109186523749761
0.000779756027910503,0.0109482705160199
0.000782801949894528,0.0109563832464607
0.000785847871878554,0.0109431593083815
0.000788893793862579,0.0109102739582853
0.000791939715846605,0.0109789233235304
0.00079498563783063,0.011057136684789
0.000798031559814656,0.0111375503155655
0.000801077481798681,0.0112129782283349
0.000804123403782706,0.0112770563975021
0.000807169325766732,0.0113247475230956
0.000810215247750757,0.0113526815291046
0.000813261169734782,0.0113593043645077
0.000816307091718808,0.0113448089949157
0.000819353013702833,0.0113108621976961
0.000822398935686859,0.0113787277355038
0.000825444857670884,0.0114556778642149
0.00082849077965491,0.0115344731428146
0.000831536701638935,0.0116080718173557
0.00083458262362296,0.0116702546068483
0.000837628545606986,0.0117161111337083
0.000840674467591011,0.011742367585452
0.000843720389575036,0.011747529518163
0.000846766311559062,0.0117318125220673
0.000849812233543087,0.0116968731293866
0.000852858155527113,0.0117638529798884
0.000855904077511138,0.0118394507520226
0.000858949999495164,0.0119165561887883
0.000861995921479189,0.0119882746935505
0.000865041843463214,0.0120485330066914
0.00086808776544724,0.012092547622038
0.000871133687431265,0.0121171400527703
0.000874179609415291,0.0121208740930235
0.000877225531399316,0.0121039864503087
0.000880271453383341,0.0120681218717528
0.000883317375367367,0.0121341275373425
0.000886363297351392,0.0122082981357968
0.000889409219335418,0.0122836563893144
0.000892455141319443,0.012353456893339
0.000895501063303468,0.0124117730097896
0.000898546985287494,0.0124539475606237
0.000901592907271519,0.012476896133381
0.000904638829255545,0.0124792392663571
0.00090768475123957,0.012461233305249
0.000910730673223595,0.0124245098213057
0.000913776595207621,0.0124894651617481
0.000916822517191646,0.0125621470472849
0.000919868439175672,0.0126357140735849
0.000922914361159697,0.0127035712662708
0.000925960283143722,0.0127599385183479
0.000929006205127748,0.0128002838937946
0.000932052127111773,0.0128216154119205
0.000935098049095799,0.0128226085980136
0.000938143971079824,0.0128035378365257
0.000941189893063849,0.0127660201860937
0.000944235815047875,0.0128298614793022
0.0009472817370319,0.0129010069672129
0.000950327659015926,0.0129727530336975
0.000953373580999951,0.0130386551820889
0.000956419502983976,0.0130930785642215
0.000959465424968002,0.0131316145520561
0.000962511346952027,0.0131513616338345
0.000965557268936053,0.0131510486209883
0.000968603190920078,0.0131309665231926
0.000971649112904103,0.0130927168606241
0.000974695034888129,0.0131553960602709
0.000977740956872154,0.0132249736537061
0.00098078687885618,0.0132948842700621
0.000983832800840205,0.0133588327779285
0.00098687872282423,0.0134113278512837
0.000989924644808256,0.0134480823110678
0.000992970566792281,0.0134662837219834
0.000996016488776307,0.0134647132275422
0.000999062410760332,0.0134436775017876
0.00100210833274436,0.0134047615683794
0.00100515425472838,0.0134662500224795
0.00100820017671241,0.0135342482902707
0.00101124609869643,0.0136023293162045
0.00101429202068046,0.0136643461423555
0.00101733794266448,0.0137149494710204
0.00102038386464851,0.0137499713943799
0.00102342978663254,0.013766686228909
0.00102647570861656,0.0137639251506513
0.00102952163060059,0.0137420080085872
0.00103256755258461,0.0137025010870624
0.00103561347456864,0.0137628018569581
0.00103865939655266,0.0138292492260216
0.00104170531853669,0.0138955535083733
0.00104475124052071,0.0139557105368642
0.00104779716250474,0.0140045058393955
0.00105084308448876,0.0140378828335756
0.00105388900647279,0.0140531959592682
0.00105693492845681,0.0140493216659086
0.00105998085044084,0.0140265898886832
0.00106302677242487,0.0139865472726079
0.00106607269440889,0.0140457042523998
0.00106911861639292,0.014110675837384
0.00107216453837694,0.0141753038819724
0.00107521046036097,0.0142337132800429
0.00107825638234499,0.0142808096521244
0.00108130230432902,0.0143126360025699
0.00108434822631304,0.0143266215251235
0.00108739414829707,0.0143216867666076
0.00109044007028109,0.0142981732092019
0.00109348599226512,0.014257611766599
0.00109653191424914,0.014315676922547
0.00109957783623317,0.0143792511164749
0.0011026237582172,0.0144423019851505
0.00110566968020122,0.0144990682949416
0.00110871560218525,0.0145445646562337
0.00111176152416927,0.0145749257143854
0.0011148074461533,0.0145876548678697
0.00111785336813732,0.0145817182006225
0.00112089929012135,0.0145574711212099
0.00112394521210537,0.0145164322505369
0.0011269911340894,0.0145734578395567
0.00113003705607342,0.0146357255270315
0.00113308297805745,0.0146973249485288
0.00113612890004148,0.0147525944883813
0.0011391748220255,0.0147966532021663
0.00114222074400953,0.0148257169128715
0.00114526666599355,0.014837354283777
0.00114831258797758,0.0148305682680528
0.0011513585099616,0.0148057226034455
0.00115440443194563,0.0147643218265939
0.00115745035392965,0.0148204282679952
0.00116049627591368,0.0148815827001662
0.0011635421978977,0.0149419833217798
0.00116658811988173,0.0149960454690269
0.00116963404186575,0.0150389844867284
0.00117267996384978,0.0150670733717873
0.00117572588583381,0.0150779169418853
0.00117877180781783,0.0150705309162725
0.00118181772980186,0.0150452749768186
0.00118486365178588,0.0150036392259482
0.00118790957376991,0.0150590328546216
0.00119095549575393,0.0151193740623492
0.00119400141773796,0.0151789384644113
0.00119704733972198,0.0152321859813135
0.00120009326170601,0.0152744121842124
0.00120313918369003,0.0153019136565527
0.00120618510567406,0.0153122883914115
0.00120923102765808,0.0153045347250275
0.00121227694964211,0.0152789996087912
0.00121532287162614,0.0152371697941652
0.00121836879361016,0.0152920588395259
0.00122141471559419,0.0153518775794436
0.00122446063757821,0.0154109356414834
0.00122750655956224,0.0154637026870552
0.00123055248154626,0.0155055386872153
0.00123359840353029,0.0155327333482706
0.00123664432551431,0.0155428379014618
0.00123969024749834,0.0155348117204839
0.00124273616948236,0.0155089940063047
0.00124578209146639,0.0154668913593847
0.00124882801345042,0.0155213910480954
0.00125187393543444,0.0155808540377723
0.00125491985741847,0.015639577808567
0.00125796577940249,0.0156920145149097
0.00126101170138652,0.0157335811849082
0.00126405762337054,0.0157605438387828
0.00126710354535457,0.0157703825563167
0.00127014946733859,0.0157620149474534
0.00127319538932262,0.0157357903429732
0.00127624131130664,0.0156932593610013
0.00127928723329067,0.0157473722720799
0.00128233315527469,0.0158065013149271
0.00128537907725872,0.0158648913150459
0.00128842499924275,0.0159169660463394
0.00129147092122677,0.0159582000187232
0.0012945168432108,0.0159848315237765
0.00129756276519482,0.0159942667675248
0.00130060868717885,0.0159853951304552
0.00130365460916287,0.0159585960259541
0.0013067005311469,0.0159154827861315
0.00130974645313092,0.0159691587158735
0.00131279237511495,0.0160279022554367
0.00131583829709897,0.0160858767396631
0.001318884219083,0.0161374783168014
0.00132193014106702,0.0161782446862222
0.00132497606305105,0.0162043971087951
0.00132802198503508,0.0162132771147807
0.0013310679070191,0.0162037605126713
0.00133411382900313,0.0161762694120011
0.00133715975098715,0.0161324904791386
0.00134020567297118,0.0161857115898175
0.0013432515949552,0.0162440471430505
0.00134629751693923,0.016301561844898
0.00134934343892325,0.0163526305218018
0.00135238936090728,0.0163928644649735
0.0013554352828913,0.0164184801182713
0.00135848120487533,0.01642676262717
0.00136152712685936,0.0164165761532151
0.00136457304884338,0.0163883893176015
0.00136761897082741,0.0163439678726811
0.00137066489281143,0.0163968115121761
0.00137371081479546,0.0164548313855467
0.00137675673677948,0.0165119778858133
0.00137980265876351,0.0165626089579198
0.00138284858074753,0.0166024166851628
0.00138589450273156,0.0166276187635647
0.00138894042471558,0.0166354381812109
0.00139198634669961,0.0166247138017948
0.00139503226868363,0.0165959579524585
0.00139807819066766,0.0165510167125347
0.00140112411265169,0.0166036758243125
0.00140417003463571,0.0166616230979974
0.00140721595661974,0.0167186669291866
0.00141026187860376,0.0167691490582937
0.00141330780058779,0.016808835412087
0.00141635372257181,0.0168339395985876
0.00141939964455584,0.0168415992660676
0.00142244556653986,0.0168306051098551
0.00142549148852389,0.0168015063553921
0.00142853741050791,0.0167562269410582
0.00143158333249194,0.0168089922002632
0.00143462925447596,0.0168672420698842
0.00143767517645999,0.0169246000723515
0.00144072109844402,0.0169753861326913
0.00144376702042804,0.0170154131547809
0.00144681294241207,0.0170408709328876
0.00144985886439609,0.0170487787001421
0.00145290478638012,0.0170378561163501
0.00145595070836414,0.0170086809299936
0.00145899663034817,0.0169632493087558
0.00146204255233219,0.0170164681950268
0.00146508847431622,0.017075469602904
0.00146813439630024,0.0171336461584776
0.00147118031828427,0.0171852783481564
0.00147422624026829,0.0172261808005534
0.00147727216225232,0.0172524868888427
0.00148031808423635,0.0172610669521446
0.00148336400622037,0.017250551844615
0.0014864099282044,0.0172215394311381
0.00148945585018842,0.017176094925532
0.00149250177217245,0.0172301196982432
0.00149554769415647,0.0172903177466115
0.0014985936161405,0.0173498208614071
0.00150163953812452,0.017402835252757
0.00150468546010855,0.0174451200310784
0.00150773138209257,0.0174727117872095
0.0015107773040766,0.0174823125779007
0.00151382322606063,0.0174724628219834
0.00151686914804465,0.0174437724499425
0.00151991507002868,0.0173983695532288
0.0015229609920127,0.0174535056937185
0.00152600691399673,0.0175152672803343
0.00152905283598075,0.0175765231288377
0.00153209875796478,0.0176313587258481
0.0015351446799488,0.0176754155761809
0.00153819060193283,0.0177045945519922
0.00154123652391685,0.0177154322123512
0.00154428244590088,0.0177063846680599
0.0015473283678849,0.0176780684786112
0.00155037428986893,0.0176326700814895
0.00155342021185296,0.0176891394280022
0.00155646613383698,0.0177527021231476
0.00155951205582101,0.0178159935413643
0.00156255797780503,0.0178729318134553
0.00156560389978906,0.0179189809446548
0.00156864982177308,0.0179498784315619
0.00157169574375711,0.0179620128622175
0.00157474166574113,0.0179537594669043
0.00157778758772516,0.0179257405309697
0.00158083350970918,0.017880208569458
0.00158387943169321,0.0179381290201037
0.00158692535367723,0.0180036007250565
0.00158997127566126,0.0180690507022233
0.00159301719764529,0.01812818398945
0.00159606311962931,0.0181762419124981
0.00159910904161334,0.0182087888867143
0.00160215496359736,0.0182220931212088
0.00160520088558139,0.0182144759036849
0.00160824680756541,0.018186568301422
0.00161129272954944,0.0181406935653702
0.00161433865153346,0.0182000780852013
0.00161738457351749,0.0182674164365211
0.00162043049550151,0.0183349595042572
0.00162347641748554,0.0183961859593893
0.00162652233946956,0.0184460880246301
0.00162956826145359,0.0184800655385667
0.00163261418343762,0.0184942959016703
0.00163566010542164,0.0184870537545337
0.00163870602740567,0.0184589911012022
0.00164175194938969,0.0184125213757573
0.00164479787137372,0.0184732924036623
0.00164784379335774,0.0185423591947791
0.00165088971534177,0.0186117957043278
0.00165393563732579,0.0186748485722543
0.00165698155930982,0.018726273531186
0.00166002748129384,0.018761330453502
0.00166307340327787,0.0187761330745271
0.0016661193252619,0.0187689269709876
0.00166916524724592,0.0187404040255712
0.00167221116922995,0.0186930813730905
0.00167525709121397,0.0187550973065411
0.001678303013198,0.0188256572564613
0.00168134893518202,0.0188966660586814
0.00168439485716605,0.0189611618484947
0.00168744077915007,0.0190136965847809
0.0016904867011341,0.0190494215509031
0.00169353262311812,0.0190644095188675
0.00169657854510215,0.0190568952845316
0.00169962446708617,0.0190276262472933
0.0017026703890702,0.0189792371179842
0.00170571631105423,0.0190423120414026
0.00170876223303825,0.0191140928126587
0.00171180815502228,0.0191863073249568
0.0017148540770063,0.0192518157411262
0.00171789999899033,0.0193050229887444
0.00172094592097435,0.0193410107068
0.00172399184295838,0.0193558200837388
0.0017270377649424,0.01934768794552
0.00173008368692643,0.0193174376304563
0.00173312960891045,0.0192678292659825
0.00173617553089448,0.0193317672450935
0.0017392214528785,0.019404491635024
0.00174226737486253,0.0194775487164772
0.00174531329684656,0.0195436552167451
0.00174835921883058,0.0195971389506824
0.00175140514081461,0.0196330448389828
0.00175445106279863,0.0196473863455509
0.00175749698478266,0.019638410783923
0.00176054290676668,0.0196070260210472
0.00176358882875071,0.0195561237881673
0.00176663475073473,0.019620756278137
0.00176968067271876,0.0196941915347771
0.00177272659470278,0.0197677922864314
0.00177577251668681,0.0198341612033589
0.00177881843867084,0.0198876205938101
0.00178186436065486,0.0199232044642722
0.00178491028263889,0.0199368925501507
0.00178795620462291,0.0199269462794264
0.00179100212660694,0.0198943682140668
0.00179404804859096,0.0198421762128028
0.00179709397057499,0.0199073825165406
0.00180013989255901,0.0199813669998822
0.00180318581454304,0.0200553111350793
0.00180623173652706,0.0201217281681685
0.00180927765851109,0.0201749989102777
0.00181232358049511,0.0202101575911952
0.00181536950247914,0.0202231384285327
0.00181841542446317,0.0202122149240171
0.00182146134644719,0.0201784822148576
0.00182450726843122,0.0201250781985493
0.00182755319041524,0.0201908059856082
0.00183059911239927,0.020265276037989
0.00183364503438329,0.0203394958271248
0.00183669095636732,0.0204058975421533
0.00183973687835134,0.0204589722880514
0.00184278280033537,0.0204937526425925
0.00184582872231939,0.0205061071905199
0.00184887464430342,0.0204943128347859
0.00185192056628744,0.0204595525515129
0.00185496648827147,0.0204050731682938
0.0018580124102555,0.020471349036111
0.00186105833223952,0.0205463472144735
0.00186410425422355,0.0206209174905492
0.00186715017620757,0.0206874002432368
0.0018701960981916,0.0207404285880448
0.00187324202017562,0.0207750171129218
0.00187628794215965,0.0207869444348423
0.00187933386414367,0.0207744795566642
0.0018823797861277,0.0207388828386211
0.00188542570811172,0.0206834976098435
0.00188847163009575,0.0207504301543468
0.00189151755207978,0.0208261044976685
0.0018945634740638,0.0209012347228299
0.00189760939604783,0.0209680394185254
0.00190065531803185,0.0210213055032697
0.00190370124001588,0.02105600060507
0.0019067471619999,0.0210677890957187
0.00190979308398393,0.0210549177306725
0.00191283900596795,0.0210187126528231
0.00191588492795198,0.0209626029869551
0.001918930849936,0.0210303777710933
0.00192197677192003,0.0211069695571207
0.00192502269390405,0.021182982437412
0.00192806861588808,0.0212504660154884
0.00193111453787211,0.0213043543709109
0.00193416045985613,0.021339532465486
0.00193720638184016,0.021351526304107
0.00194025230382418,0.0213385494715166
0.00194329822580821,0.021301977155478
0.00194634414779223,0.021245314779275
0.00194939006977626,0.021314177563433
0.00195243599176028,0.0213919979789764
0.00195548191374431,0.0214692989300965
0.00195852783572833,0.0215379029807289
0.00196157375771236,0.02159286795995
0.00196461967969638,0.0216289530581178
0.00196766560168041,0.0216415269189799
0.00197071152366444,0.0216287570048308
0.00197375744564846,0.0215920516796397
0.00197680336763249,0.0215349850744808
0.00197984928961651,0.0216052288311854
0.00198289521160054,0.0216846427593801
0.00198594113358456,0.0217636952670557
0.00198898705556859,0.0218339174767832
0.00199203297755261,0.0218904505843194
0.00199507889953664,0.0219278857014867
0.00199812482152066,0.021941418603047
0.00200117074350469,0.0219291571652578
0.00200421666548871,0.0218925304282528
0.00200726258747274,0.021835176022167
0.00201030850945677,0.0219071235203507
0.00201335443144079,0.0219885283928856
0.00201640035342482,0.0220698233787707
0.00201944627540884,0.0221421810753389
0.00202249219739287,0.0222007804967855
0.00202553811937689,0.0222400037224018
0.00202858404136092,0.0222548560902292
0.00203162996334494,0.0222433703395122
0.00203467588532897,0.0222069894825926
0.00203772180731299,0.0221494175180785
0.00204076772929702,0.0222233984564524
0.00204381365128104,0.0223072001589548
0.00204685957326507,0.0223912251329865
0.0020499054952491,0.0224662273598429
0.00205295141723312,0.0225273697751355
0.00205599733921715,0.0225687852384398
0.00205904326120117,0.0225852764110671
0.0020620891831852,0.0225747954580471
0.00206513510516922,0.0225387852521501
0.00206818102715325,0.0224810226927409
0.00207122694913727,0.0225573706268076
0.0020742728711213,0.0226439819189061
0.00207731879310532,0.0227312135716385
0.00208036471508935,0.0228093450990425
0.00208341063707338,0.0228734755615906
0.0020864565590574,0.0229174515344182
0.00208950248104143,0.0229358587890498
0.00209254840302545,0.022926560054627
0.00209559432500948,0.0228909939196832
0.0020986402469935,0.0228327159803156
0.00210168616897753,0.0229113295994411
0.00210473209096155,0.0229991289978313
0.00210777801294558,0.0230864054739185
0.0021108239349296,0.0231633370749991
0.00211386985691363,0.0232251789831336
0.00211691577889765,0.0232657567833806
0.00211996170088168,0.0232798929465691
0.00212300762286571,0.0232659099272883
0.00212605354484973,0.0232257347564687
0.00212909946683376,0.0231636051223148
0.00213214538881778,0.0232383084906885
0.00213519131080181,0.023320955666501
0.00213823723278583,0.02340195099056
0.00214128315476986,0.0234718484754359
0.00214432907675388,0.0235260544190019
0.00214737499873791,0.0235591304669104
0.00215042092072193,0.0235666331298088
0.00215346684270596,0.0235473031308698
0.00215651276468999,0.0235031940917981
0.00215955868667401,0.0234384609214883
0.00216260460865804,0.0235092566820963
0.00216565053064206,0.0235863798464641
0.00216869645262609,0.023660941842322
0.00217174237461011,0.0237239912874783
0.00217478829659414,0.0237712608293849
0.00217783421857816,0.0237978683254539
0.00218088014056219,0.0237999452733402
0.00218392606254621,0.0237765222326195
0.00218697198453024,0.0237296609163731
0.00219001790651426,0.0236633462365078
0.00219306382849829,0.0237302182036454
0.00219610975048232,0.0238019228762384
0.00219915567246634,0.0238706492862881
0.00220220159445037,0.0239277365193977
0.00220524751643439,0.0239692133405011
0.00220829343841842,0.0239905693616424
0.00221133936040244,0.0239884420792542
0.00221438528238647,0.0239621047377141
0.00221743120437049,0.0239135519135387
0.00222047712635452,0.0238465371927475
0.00222352304833854,0.0239098254188525
0.00222656897032257,0.0239766413923
0.00222961489230659,0.0240404323816684
0.00223266081429062,0.0240926058282153
0.00223570673627465,0.0241295043786104
0.00223875265825867,0.0241468360940643
0.0022417985802427,0.0241416693436688
0.00224484450222672,0.0241134761194571
0.00224789042421075,0.0240641291137628
0.00225093634619477,0.0239971155953142
0.0022539822681788,0.0240573463656502
0.00225702819016282,0.0241199988307149
0.00226007411214685,0.0241798133217655
0.00226312003413087,0.0242280996830112
0.0022661659561149,0.0242615691623314
0.00226921187809892,0.0242760137968967
0.00227225780008295,0.0242688380329994
0.00227530372206698,0.0242396641776258
0.002278349644051,0.0241902156124788
0.00228139556603503,0.0241237095528871
0.00228444148801905,0.0241814308495591
0.00228748741000308,0.0242406924529395
0.0022905333319871,0.0242974226329408
0.00229357925397113,0.0243427579658831
0.00229662517595515,0.0243738029026954
0.00229967109793918,0.0243863363537607
0.0023027170199232,0.0243779982958288
0.00230576294190723,0.0243485163731919
0.00230880886389126,0.0242994636577326
0.00231185478587528,0.0242338072158409
0.00231490070785931,0.0242895210962416
0.00231794662984333,0.0243461428408614
0.00232099255182736,0.0244005725033029
0.00232403847381138,0.0244437784031515
0.00232708439579541,0.0244732311231433
0.00233013031777943,0.0244846422130801
0.00233317623976346,0.0244758002274323
0.00233622216174748,0.0244465039345504
0.00233926808373151,0.0243981900432046
0.00234231400571553,0.0243336011922739
0.00234535992769956,0.024387751351022
0.00234840584968359,0.0244424144356578
0.00235145177166761,0.0244951964321926
0.00235449769365164,0.0245369549370284
0.00235754361563566,0.0245654687934634
0.00236058953761969,0.0245763639463999
0.00236363545960371,0.0245675092057555
0.00236668138158774,0.0245387480497486
0.00236972730357176,0.0244913967481891
0.00237277322555579,0.0244279999831353
0.00237581914753981,0.024480963254634
0.00237886506952384,0.0245342413007297
0.00238191099150786,0.024585905455307
0.00238495691349189,0.024626769088721
0.00238800283547592,0.0246548501077689
0.00239104875745994,0.0246656891622427
0.00239409467944397,0.0246571835196275
0.00239714060142799,0.0246291991773674
0.00240018652341202,0.0245829466838615
0.00240323244539604,0.024520799518706
0.00240627836738007,0.0245728977244722
0.00240932428936409,0.0246252572458529
0.00241237021134812,0.0246762278202699
0.00241541613333214,0.024716632942962
0.00241846205531617,0.0247446631246136
0.0024215079773002,0.0247557816250058
0.00242455389928422,0.0247478795626827
0.00242759982126825,0.0247208283817933
0.00243064574325227,0.0246757471171549
0.0024336916652363,0.0246148625350133
0.00243673758722032,0.0246663617939241
0.00243978350920435,0.0247181764926773
0.00244282943118837,0.0247687860410999
0.0024458753531724,0.0248090723150593
0.00244892127515642,0.0248373338351494
0.00245196719714045,0.024848973997742
0.00245501311912447,0.0248418695533156
0.0024580590411085,0.0248158409514456
0.00246110496309253,0.0247718764480859
0.00246415088507655,0.0247120715872528
0.00246719680706058,0.0247634747004738
0.0024702427290446,0.0248147795236008
0.00247328865102863,0.024865252411571
0.00247633457301265,0.024905252661292
0.00247938049499668,0.0249337787814802
0.0024824264169807,0.0249458794834043
0.00248547233896473,0.0249392704719824
0.00248851826094875,0.024913887594117
0.00249156418293278,0.0248707334381469
0.0024946101049168,0.0248118058010319
0.00249765602690083,0.0248630475847973
0.00250070194888486,0.0249138875652662
0.00250374787086888,0.0249642687775201
0.00250679379285291,0.0250039721572557
0.00250983971483693,0.0250326609935102
0.00251288563682096,0.025045043954324
0.00251593155880498,0.0250388119689287
0.00251897748078901,0.0250139981799937
0.00252202340277303,0.0249715804334024
0.00252506932475706,0.0249134670667864
0.00252811524674108,0.0249645280668714
0.00253116116872511,0.0250151012701896
0.00253420709070913,0.0250653510479685
0.00253725301269316,0.0251048947922057
0.00254029893467719,0.0251337199822811
0.00254334485666121,0.0251463755762211
0.00254639077864524,0.0251405557899963
0.00254943670062926,0.0251163336045674
0.00255248262261329,0.0250746455025761
0.00255552854459731,0.0250173163235853
0.00255857446658134,0.0250681291087152
0.00256162038856536,0.0251185852261366
0.00256466631054939,0.0251685954852194
0.00256771223253341,0.025208031667786
0.00257075815451744,0.0252369234772578
0.00257380407650147,0.0252498476395536
0.00257684999848549,0.0252444954821384
0.00257989592046952,0.0252209246398227
0.00258294184245354,0.0251800351624621
0.00258598776443757,0.025123584671878
0.00258903368642159,0.0251739779340776
0.00259207960840562,0.02522432633472
0.00259512553038964,0.0252740838777161
0.00259817145237367,0.0253134613729586
0.00260121737435769,0.0253425918124572
0.00260426329634172,0.0253560752776388
0.00260730921832574,0.0253514227889088
0.00261035514030977,0.0253286396785349
0.0026134010622938,0.0252886204226657
0.00261644698427782,0.0252330798316327
0.00261949290626185,0.0252832480391371
0.00262253882824587,0.0253337815020224
0.0026255847502299,0.0253835869926817
0.00262863067221392,0.0254232434241921
0.00263167659419795,0.0254528548247523
0.00263472251618197,0.0254670803841711
0.002637768438166,0.0254632748530497
0.00264081436015002,0.0254413826175912
0.00264386028213405,0.0254022922702764
0.00264690620411807,0.0253476842418629
0.0026499521261021,0.0253978291785376
0.00265299804808613,0.025448755390022
0.00265604397007015,0.025498806302693
0.00265908989205418,0.0255389401794664
0.0026621358140382,0.0255691630148871
0.00266518173602223,0.0255842248370332
0.00266822765800625,0.0255813427552251
0.00267127357999028,0.0255603864409103
0.0026743195019743,0.025522236294564
0.00267736542395833,0.0254685449534398
0.00268041134594235,0.0255187980157914
0.00268345726792638,0.0255702205682319
0.0026865031899104,0.0256206208116575
0.00268954911189443,0.0256613286717448
0.00269259503387846,0.0256922123140949
0.00269564095586248,0.0257081323216398
0.00269868687784651,0.0257061829362692
0.00270173279983053,0.0256861523201943
0.00270477872181456,0.0256489088255644
0.00270782464379858,0.0255960832918132
0.00271087056578261,0.0256465125539728
0.00271391648776663,0.0256984596578309
0.00271696240975066,0.0257492393156995
0.00272000833173468,0.0257905359601364
0.00272305425371871,0.0258220632266118
0.00272610017570274,0.0258388027263943
0.00272914609768676,0.0258377372850673
0.00273219201967079,0.0258185710740333
0.00273523794165481,0.0257821595133174
0.00273828386363884,0.0257301094742138
0.00274132978562286,0.0257807355699775
0.00274437570760689,0.0258331524491161
0.00274742162959091,0.0258842553888413
0.00275046755157494,0.025926047135184
0.00275351347355896,0.0259580867486417
0.00275655939554299,0.025975491424758
0.00275960531752701,0.0259751451265352
0.00276265123951104,0.0259566732643054
0.00276569716149507,0.0259209271430731
0.00276874308347909,0.025869511120756
0.00277178900546312,0.0259202777439666
0.00277483492744714,0.0259730346079522
0.00277788084943117,0.0260243385217253
0.00278092677141519,0.0260664572797369
0.00278397269339922,0.0260988297591059
0.00278701861538324,0.0261167093008018
0.00279006453736727,0.026116908003781
0.00279311045935129,0.0260989930283335
0.00279615638133532,0.0260638151311555
0.00279920230331935,0.0260129685216282
0.00280224822530337,0.0260638223500599
0.0028052941472874,0.0261168316695299
0.00280834006927142,0.0261682454925133
0.00281138599125545,0.026210593597203
0.00281443191323947,0.0262432413820968
0.0028174778352235,0.0262615569638999
0.00282052375720752,0.0262622685571822
0.00282356967919155,0.0262448881349111
0.00282661560117557,0.0262102671432668
0.0028296615231596,0.0261599880256622
0.00283270744514362,0.026210916201751
0.00283575336712765,0.0262641536981194
0.00283879928911168,0.0263156569112359
0.0028418452110957,0.0263582075600027
0.00284489113307973,0.0263911089239364
0.00284793705506375,0.0264098499560658
0.00285098297704778,0.0264110686189868
0.0028540288990318,0.0263942121940238
0.00285707482101583,0.0263601329946297
0.00286012074299985,0.0263104026198822
0.00286316666498388,0.0263614041034894
0.0028662125869679,0.0264148399143034
0.00286925850895193,0.0264664146527231
0.00287230443093595,0.0265091418111699
0.00287535035291998,0.026542261631913
0.00287839627490401,0.0265613943446361
0.00288144219688803,0.0265630925896513
0.00288448811887206,0.0265467307054873
0.00288753404085608,0.0265131603298162
0.00289057996284011,0.0264639457032186
0.00289362588482413,0.0265150185749594
0.00289667180680816,0.0265686127020325
0.00289971772879218,0.0266202424485576
0.00290276365077621,0.0266631212664472
0.00290580957276023,0.0266964237433347
0.00290885549474426,0.0267159081228912
0.00291190141672828,0.0267180537127796
0.00291494733871231,0.0267021544212458
0.00291799326069634,0.0266690581528095
0.00292103918268036,0.0266203247430843
0.00292408510466439,0.0266714701739986
0.00292713102664841,0.0267251812154341
0.00293017694863244,0.0267768538575818
0.00293322287061646,0.0268198621231926
0.00293626879260049,0.0268533137130055
0.00293931471458451,0.0268731062555083
0.00294236063656854,0.0268756611141678
0.00294540655855256,0.0268601870813012
0.00294845248053659,0.0268275247046742
0.00295149840252062,0.0267792320087882
0.00295454432450464,0.026830442558275
0.00295759024648867,0.0268842117777812
0.00296063616847269,0.0269358979410138
0.00296368209045672,0.026978990008545
0.00296672801244074,0.0270125352144149
0.00296977393442477,0.0270325682165967
0.00297281985640879,0.0270354721025074
0.00297586577839282,0.0270203684302421
0.00297891170037684,0.0269880863511161
0.00298195762236087,0.0269401845174417
0.00298500354434489,0.02699143441166
0.00298804946632892,0.0270451771527615
0.00299109538831295,0.027096822861568
0.00299414131029697,0.0271399263514065
0.002997187232281,0.0271734906727553
0.00300023315426502,0.0271936818173147
0.00300327907624905,0.0271968640965646
0.00300632499823307,0.0271820716122233
0.0030093709202171,0.0271501180376483
0.00301241684220112,0.0271025637867669
0.00301546276418515,0.0271538219254639
0.00301850868616917,0.0272074565105778
0.0030215546081532,0.0272590128578005
0.00302460053013722,0.0273020646508161
0.00302764645212125,0.0273355904275541
0.00303069237410528,0.0273558765981971
0.0030337382960893,0.0273592861564182
0.00303678421807333,0.0273447658131783
0.00303983014005735,0.027313109270978
0.00304287606204138,0.0272658787321524
0.0030459219840254,0.0273171311737863
0.00304896790600943,0.0273706076345877
0.00305201382799345,0.0274220634003954
0.00305505974997748,0.0274650448785482
0.0030581056719615,0.0274985234412174
0.00306115159394553,0.0275188915247122
0.00306419751592955,0.0275225235195905
0.00306724343791358,0.0275082764829418
0.00307028935989761,0.0274769185720609
0.00307333528188163,0.0274300136603644
0.00307638120386566,0.0274812766826109
0.00307942712584968,0.0275345852038623
0.00308247304783371,0.0275859713879373
0.00308551896981773,0.0276289053106304
0.00308856489180176,0.0276623622126167
0.00309161081378578,0.0276828233824493
0.00309465673576981,0.0276866880685875
0.00309770265775383,0.0276727236902056
0.00310074857973786,0.027641667571267
0.00310379450172188,0.0275950851210384
0.00310684042370591,0.0276463801250504
0.00310988634568994,0.0276995100285843
0.00311293226767396,0.0277508456657023
0.00311597818965799,0.0277937373391308
0.00311902411164201,0.0278271862602442
0.00312207003362604,0.027847744180217
0.00312511595561006,0.0278518452383154
0.00312816187759409,0.0278381671802721
0.00313120779957811,0.0278074120531545
0.00313425372156214,0.0277611469839056
0.00313729964354616,0.0278124980057513
0.00314034556553019,0.0278654413955632
0.00314339148751421,0.0279167496286274
0.00314643740949824,0.0279596061269276
0.00314948333148227,0.027993064605974
0.00315252925346629,0.0280137248055822
0.00315557517545032,0.0280180656458768
0.00315862109743434,0.0280046760089522
0.00316166701941837,0.0279742187544887
0.00316471294140239,0.027928263247256
0.00316775886338642,0.0279796939736298
0.00317080478537044,0.0280324386493104
0.00317385070735447,0.0280837370529061
0.00317689662933849,0.0281265553549843
0.00317994255132252,0.0281600302169724
0.00318298847330655,0.0281807830824015
0.00318603439529057,0.0281853469155343
0.0031890803172746,0.0281722238440762
0.00319212623925862,0.0281420358937912
0.00319517216124265,0.0280963564780733
0.00319821808322667,0.0281478623183722
0.0032012640052107,0.0282003594066674
0.00320430992719472,0.0282516237460545
0.00320735584917875,0.0282943528648667
0.00321040177116277,0.0283278025691708
0.0032134476931468,0.028348586397173
0.00321649361513082,0.0283533097138894
0.00321953953711485,0.0283403951310523
0.00322258545909888,0.0283104242981376
0.0032256313810829,0.0282649782686433
0.00322867730306693,0.0283165368812186
0.00323172322505095,0.0283686045132447
0.00323476914703498,0.0284197586606645
0.003237815069019,0.0284621874768993
0.00324086099100303,0.0284954523574334
0.00324390691298705,0.0285160249835123
0.00324695283497108,0.028520684508801
0.0032499987569551,0.0285077871069639
0.00325304467893913,0.0284778401143897
0.00325609060092316,0.028432439850261
0.00325913652290718,0.028483726230681
0.00326218244489121,0.0285355567989417
0.00326522836687523,0.0285862414494913
0.00326827428885926,0.0286280247948843
0.00327132021084328,0.0286608741728458
0.00327436613282731,0.0286812769035535
0.00327741205481133,0.0286859683557685
0.00328045797679536,0.028673218887015
0.00328350389877938,0.0286435079436379
0.00328654982076341,0.0285984343040451
0.00328959574274743,0.0286497198990412
0.00329264166473146,0.0287009633035502
0.00329568758671549,0.0287517003156606
0.00329873350869951,0.0287936334700018
0.00330177943068354,0.0288266813650951
0.00330482535266756,0.0288472422057664
0.00330787127465159,0.0288521828719197
0.00331091719663561,0.028839743053567
0.00331396311861964,0.0288103609472645
0.00331700904060366,0.0287656260291841
0.00332005496258769,0.0288170877355364
0.00332310088457171,0.0288681907793439
0.00332614680655574,0.0289190959695302
0.00332919272853976,0.0289611112407311
0.00333223865052379,0.0289943091265255
0.00333528457250782,0.0290150169259208
0.00333833049449184,0.0290202321700399
0.00334137641647587,0.0290081324367686
0.00334442233845989,0.0289790861891069
0.00334746826044392,0.0289346763708016
0.00335051418242794,0.0289863471879355
0.00335356010441197,0.029037282514893
0.00335660602639599,0.0290883421586467
0.00335965194838002,0.0291304229633245
0.00336269787036404,0.0291637792936108
0.00336574379234807,0.0291846294256425
0.00336878971433209,0.0291901035368651
0.00337183563631612,0.0291783253435313
0.00337488155830015,0.0291495896882659
0.00337792748028417,0.0291054746835756
0.0033809734022682,0.02915733960825
0.00338401932425222,0.0292080737429269
0.00338706524623625,0.0292592680768131
0.00339011116822027,0.0293013783849181
0.0033931570902043,0.0293348673623397
0.00339620301218832,0.0293558163423049
0.00339924893417235,0.0293614956637647
0.00340229485615637,0.0293499896322587
0.0034053407781404,0.0293215205241278
0.00340838670012443,0.0292776602846996
0.00341143262210845,0.0293296855127614
0.00341447854409248,0.0293801743781782
0.0034175244660765,0.0294314616070571
0.00342057038806053,0.0294735468662369
0.00342361631004455,0.0295071237485344
0.00342666223202858,0.0295281159021336
0.0034297081540126,0.0295339426459659
0.00343275407599663,0.0295226655430637
0.00343579999798065,0.0294944332025253
0.00343884591996468,0.0294508079375535
0.0034418918419487,0.0295029699620232
0.00344493776393273,0.0295531984872741
0.00344798368591676,0.0296045646484322
0.00345102960790078,0.0296466023545814
0.00345407552988481,0.0296802542924138
0.00345712145186883,0.0297012655273751
0.00346016737385286,0.0297072050024066
0.00346321329583688,0.0296961259101969
0.00346625921782091,0.0296681028043805
0.00346930513980493,0.0296246847473046
0.00347235106178896,0.0296769617416056
0.00347539698377298,0.0297269007913184
0.00347844290575701,0.0297782966385873
0.00348148882774103,0.0298202177234718
0.00348453474972506,0.0298538768547471
0.00348758067170909,0.0298748251965839
0.00349062659369311,0.0298807850650248
0.00349367251567714,0.0298698222220805
0.00349671843766116,0.0298419400168836
0.00349976435964519,0.0297986717055514
0.00350281028162921,0.0298509800278111
0.00350585620361324,0.029900546863978
0.00350890212559726,0.0299518592669042
0.00351194804758129,0.0299935427512734
0.00351499396956531,0.0300270978620684
0.00351803989154934,0.0300478848563521
0.00352108581353336,0.0300537853669174
0.00352413173551739,0.0300428962614541
0.00352717765750142,0.0300151481372011
0.00353022357948544,0.029972047062398
0.00353326950146947,0.0300243485141546
0.00353631542345349,0.0300735630532021
0.00353936134543752,0.030124813968525
0.00354240726742154,0.0301663067862292
0.00354545318940557,0.0301998311554865
0.00354849911138959,0.030220523950204
0.00355154503337362,0.0302264014858179
0.00355459095535764,0.0302155917906019
0.00355763687734167,0.0301879599847742
0.0035606827993257,0.0301449878632662
0.00356372872130972,0.0301973756328545
0.00356677464329375,0.0302461105736625
0.00356982056527777,0.030297250505293
0.0035728664872618,0.0303384029950191
0.00357591240924582,0.0303717575757408
0.00357895833122985,0.030392193455679
0.00358200425321387,0.0303978567455406
0.0035850501751979,0.030386971568789
0.00358809609718192,0.0303593427215772
0.00359114201916595,0.030316418847961
0.00359418794114997,0.0303686002252257
0.003597233863134,0.0304168834809469
0.00360027978511803,0.0304677106016866
0.00360332570710205,0.030508431503071
0.00360637162908608,0.0305414696038506
0.0036094175510701,0.0305615386985142
0.00361246347305413,0.0305669279104339
0.00361550939503815,0.0305559302846231
0.00361855531702218,0.0305282833501628
0.0036216012390062,0.0304854002072816
0.00362464716099023,0.0305372891826553
0.00362769308297425,0.0305851353062676
0.00363073900495828,0.030635560288961
0.0036337849269423,0.0306758237367868
0.00363683084892633,0.0307085179004584
0.00363987677091036,0.0307282282255698
0.00364292269289438,0.0307333599060189
0.00364596861487841,0.0307222683332754
0.00364901453686243,0.0306946279635895
0.00365206045884646,0.0306518166704884
0.00365510638083048,0.0307033800389225
0.00365815230281451,0.0307508498437734
0.00366119822479853,0.030800873936167
0.00366424414678256,0.0308407247167574
0.00366729006876658,0.0308731221706231
0.00367033599075061,0.0308925371502827
0.00367338191273464,0.0308974641387727
0.00367642783471866,0.0308863242415077
0.00367947375670269,0.0308587351392644
0.00368251967868671,0.0308160379622225
0.00368556560067074,0.0308672913403517
0.00368861152265476,0.0309144514109734
0.00369165744463879,0.0309641156282913
0.00369470336662281,0.031003609805151
0.00369774928860684,0.0310357771227022
0.00370079521059086,0.031054967908287
0.00370384113257489,0.0310597411074585
0.00370688705455891,0.0310485962704177
0.00370993297654294,0.0310211007016043
0.00371297889852697,0.0309785549073297
0.00371602482051099,0.0310295320266223
0.00371907074249502,0.0310764320846286
0.00372211666447904,0.0311257873262332
0.00372516258646307,0.0311649690555701
0.00372820850844709,0.0311969689937945
0.00373125443043112,0.0312159977488085
0.00373430035241514,0.0312206582378996
0.00373734627439917,0.0312095455561541
0.00374039219638319,0.0311821807581343
0.00374343811836722,0.0311398179461725
0.00374648404035124,0.0311905636719708
0.00374952996233527,0.0312372391038608
0.0037525758843193,0.0312863449594308
0.00375562180630332,0.0313252447539493
0.00375866772828735,0.0313571357475874
0.00376171365027137,0.0313760573031186
0.0037647595722554,0.0313806388360905
0.00376780549423942,0.03136958377878
0.00377085141622345,0.0313423693847183
0.00377389733820747,0.0313002002637621
0.0037769432601915,0.0313507472656209
0.00377998918217552,0.03139722740758
0.00378303510415955,0.0314461060613463
0.00378608102614357,0.0314847281445074
0.0037891269481276,0.0315165293611568
0.00379217287011163,0.0315353618834522
0.00379521879209565,0.0315398637763857
0.00379826471407968,0.0315288589606564
0.0038013106360637,0.0315017887957033
0.00380435655804773,0.0314598089490781
0.00380740248003175,0.0315101681072188
0.00381044840201578,0.0315564506586511
0.0038134943239998,0.0316051131907365
0.00381654024598383,0.031643450286999
0.00381958616796785,0.0316751649255403
0.00382263208995188,0.031693917601982
0.00382567801193591,0.031698338373275
0.00382872393391993,0.0316873795783737
0.00383176985590396,0.0316604519540163
0.00383481577788798,0.0316186596624752
0.00383786169987201,0.0316688332069646
0.00384090762185603,0.0317149497124636
0.00384395354384006,0.0317633939638811
0.00384699946582408,0.0318014533571355
0.00385004538780811,0.0318330845861113
0.00385309130979213,0.031851776423483
0.00385613723177616,0.0318561283776443
0.00385918315376018,0.0318452226941807
0.00386222907574421,0.0318184470509209
0.00386527499772824,0.0317768536155111
0.00386832091971226,0.0318268510899484
0.00387136684169629,0.0318728879936061
0.00387441276368031,0.0319211426587569
0.00387745868566434,0.0319590288368805
0.00388050460764836,0.0319906451565692
0.00388355052963239,0.0320093576083679
0.00388659645161641,0.0320137158357447
0.00388964237360044,0.0320029234122982
0.00389268829558446,0.0319763629803891
0.00389573421756849,0.0319350335955556
0.00389878013955252,0.0319848935482843
0.00390182606153654,0.0320309155287754
0.00390487198352057,0.0320790669102853
0.00390791790550459,0.0321168021492402
0.00391096382748862,0.0321485073897731
0.00391400974947264,0.0321673338881365
0.00391705567145667,0.0321717300623393
0.00392010159344069,0.0321610666752702
0.00392314751542472,0.0321347266564604
0.00392619343740874,0.0320936502468108
0.00392923935939277,0.0321433621780506
0.00393228528137679,0.0321894961919883
0.00393533120336082,0.0322375779842496
0.00393837712534485,0.0322752354116542
0.00394142304732887,0.0323070863434794
0.0039444689693129,0.0323261224276599
0.00394751489129692,0.032330642913816
0.00395056081328095,0.0323201693900625
0.00395360673526497,0.0322940963366032
0.003956652657249,0.0322533145773195
0.00395969857923302,0.032302921293341
0.00396274450121705,0.032349312094967
0.00396579042320107,0.0323973963677286
0.0039688363451851,0.0324350801171464
0.00397188226716912,0.0324671642371453
0.00397492818915315,0.0324865356102572
0.00397797411113718,0.0324912994627378
0.0039810200331212,0.0324811045598983
0.00398406595510523,0.0324553680831845
0.00398711187708925,0.0324149405958374
0.00399015779907328,0.0324645082537885
0.0039932037210573,0.0325112745873931
0.00399624964304133,0.0325594256816758
0.00399929556502535,0.0325972088438349
0.00400234148700938,0.0326295809683335
0.0040053874089934,0.0326493687655401
0.00400843333097743,0.0326544559039289
0.00401147925296145,0.0326445949424581
0.00401452517494548,0.0326192378685797
0.00401757109692951,0.0325792011877991
0.00402061701891353,0.0326287914730576
0.00402366294089756,0.0326759902004356
0.00402670886288158,0.0327242308462356
0.00402975478486561,0.0327621194300218
0.00403280070684963,0.0327947680969812
0.00403584662883366,0.0328149754423613
0.00403889255081768,0.0328203928702764
0.00404193847280171,0.0328108561682198
0.00404498439478573,0.032785862774398
0.00404803031676976,0.0327462040105601
0.00405107623875378,0.0327958488927841
0.00405412216073781,0.0328434617694751
0.00405716808272184,0.0328917709013394
0.00406021400470586,0.0329297143818705
0.00406325992668989,0.0329625779455423
0.00406630584867391,0.0329831465698931
0.00406935177065794,0.0329888448564278
0.00407239769264196,0.0329795757580196
0.00407544361462599,0.0329548883757026
0.00407848953661001,0.032915557950854
0.00408153545859404,0.0329652580967591
0.00408458138057806,0.0330132164437134
0.00408762730256209,0.033061555935568
0.00409067322454612,0.0330994856363219
0.00409371914653014,0.0331324873251228
0.00409676506851417,0.0331533264756378
0.00409981099049819,0.0331592192165341
0.00410285691248222,0.033150130600131
0.00410590283446624,0.0331256591179621
0.00410894875645027,0.0330865725886596
0.00411199467843429,0.0331362989343103
0.00411504060041832,0.033184516434075
0.00411808652240234,0.0332328382292276
0.00412113244438637,0.0332706838484104
0.0041241783663704,0.0333037499210252
0.00412722428835442,0.0333247563089259
0.00413027021033845,0.0333307296595582
0.00413331613232247,0.0333217169600441
0.0041363620543065,0.0332973589703975
0.00413940797629052,0.0332584206321309
0.00414245389827455,0.0333081457914666
0.00414549982025857,0.0333565981482023
0.0041485457422426,0.0334048682995653
0.00415159166422662,0.0334425999947758
0.00415463758621065,0.033475702186056
0.00415768350819467,0.0334968315165123
0.0041607294301787,0.0335028217941639
0.00416377535216272,0.0334938319898261
0.00416682127414675,0.0334695472281525
0.00416986719613078,0.0334307268933274
0.0041729131181148,0.0334804566624271
0.00417595904009883,0.0335292278284991
0.00417900496208285,0.0335774844617677
0.00418205088406688,0.0336151687840084
0.0041850968060509,0.0336483711459766
0.00418814272803493,0.033669686758509
0.00419118865001895,0.0336757192942952
0.00419423457200298,0.0336667606769396
0.004197280493987,0.0336425555090672
0.00420032641597103,0.0336038546707154
0.00420337233795505,0.0336536008138964
0.00420641825993908,0.0337028011702827
0.00420946418192311,0.0337511051888606
0.00421251010390713,0.0337888304813461
0.00421555602589116,0.0338222143591078
0.00421860194787518,0.0338438022843141
0.00422164786985921,0.0338499325268094
0.00422469379184323,0.0338410509649224
0.00422773971382726,0.0338169744570876
0.00423078563581128,0.0337784403623134
0.00423383155779531,0.0338282595668336
0.00423687747977933,0.0338780748545845
0.00423992340176336,0.0339265525546425
0.00424296932374739,0.0339645020491674
0.00424601524573141,0.0339982437416377
0.00424906116771544,0.0340203154809559
0.00425210708969946,0.0340267340043432
0.00425515301168349,0.0340180825303257
0.00425819893366751,0.0339942690417298
0.00426124485565154,0.0339560156867767
0.00426429077763556,0.034006048194339
0.00426733669961959,0.0340567143522793
0.00427038262160361,0.0341055544505379
0.00427342854358764,0.0341439407910664
0.00427647446557167,0.0341782192633534
0.00427952038755569,0.034200979858205
0.00428256630953972,0.0342078663745334
0.00428561223152374,0.0341995706895286
0.00428865815350777,0.0341761164377926
0.00429170407549179,0.0341382177290163
0.00429474999747582,0.0341885965310741
0.00429779591945984,0.0342402702984166
0.00430084184144387,0.0342896202168309
0.00430388776342789,0.0343285820089396
0.00430693368541192,0.0343635090340694
0.00430997960739594,0.0343870691156149
0.00431302552937997,0.0343945085877008
0.004316071451364,0.0343866056669234
0.00431911737334802,0.0343635182825103
0.00432216329533205,0.0343259638817325
0.00432520921731607,0.0343767610671273
0.0043282551393001,0.0344294583006791
0.00433130106128412,0.0344793253009624
0.00433434698326815,0.0345188278495087
0.00433739290525217,0.0345543476068494
0.0043404388272362,0.0345786688332927
0.00434348474922022,0.0345866318501318
0.00434653067120425,0.0345790793685029
0.00434957659318827,0.0345563154028116
0.0043526225151723,0.034519068537229
0.00435566843715633,0.0345702885079378
0.00435871435914035,0.0346239690998565
0.00436176028112438,0.0346743332172892
0.0043648062031084,0.0347143392019561
0.00436785212509243,0.0347503989416299
0.00437089804707645,0.0347754148347795
0.00437394396906048,0.0347838567489512
0.0043769898910445,0.0347766186367546
0.00438003581302853,0.0347541499598605
0.00438308173501255,0.0347171942334811
0.00438612765699658,0.0347688414399669
0.0043891735789806,0.0348234885545525
0.00439221950096463,0.0348743701008492
0.00439526542294866,0.0349148997488907
0.00439831134493268,0.0349515232849658
0.00440135726691671,0.0349772668400931
0.00440440318890073,0.0349862337787146
0.00440744911088476,0.0349793421654498
0.00441049503286878,0.0349571813241821
0.00441354095485281,0.0349205153476083
0.00441658687683683,0.0349726453324401
0.00441963279882086,0.0350282806981626
0.00442267872080488,0.0350797140925206
0.00442572464278891,0.0351207900631462
0.00442877056477294,0.0351579968240327
0.00443181648675696,0.0351844845781976
0.00443486240874099,0.0351939954763455
0.00443790833072501,0.0351874529796591
0.00444095425270904,0.0351655867437892
0.00444400017469306,0.0351291927678273
0.00444704609667709,0.0351818227243439
0.00445009201866111,0.0352384599960927
0.00445313794064514,0.0352904743825007
0.00445618386262916,0.0353321281529597
0.00445922978461319,0.035369944118483
0.00446227570659721,0.0353971997771035
0.00446532162858124,0.0354072786560806
0.00446836755056527,0.0354010942053747
0.00447141347254929,0.0353795141068796
0.00447445939453332,0.0353433704608435
0.00447750531651734,0.03539652908094
0.00448055123850137,0.0354541984914113
0.00448359716048539,0.0355068185900334
0.00448664308246942,0.0355490768055874
0.00448968900445344,0.0355875208435975
0.00449273492643747,0.0356155577847419
0.00449578084842149,0.0356262110494624
0.00449882677040552,0.0356203773092025
0.00450187269238954,0.0355990657100024
0.00450491861437357,0.0355631488482157
0.0045079645363576,0.0356168609754399
0.00451101045834162,0.0356755834631965
0.00451405638032565,0.0357288468837511
0.00451710230230967,0.0357717544853906
0.0045201482242937,0.0358108504128015
0.00452319414627772,0.0358396842896076
0.00452624006826175,0.035850916725636
0.00452928599024577,0.035845415796733
0.0045323319122298,0.0358243414390982
0.00453537783421382,0.0357886101287265
0.00453842375619785,0.0358428829703888
0.00454146967818187,0.0359026607734095
0.0045445156001659,0.0359565699070164
0.00454756152214993,0.0360001260263321
0.00455060744413395,0.0360398566530013
0.00455365336611798,0.036069464180537
0.004556699288102,0.0360812451596981
0.00455974521008603,0.0360760251203641
0.00456279113207005,0.0360551305877156
0.00456583705405408,0.0360195254831385
0.0045688829760381,0.0360743582993412
0.00457192889802213,0.0361351729742685
0.00457497482000615,0.0361897447811984
0.00457802074199018,0.0362339625763872
0.00458106666397421,0.036274328465698
0.00458411258595823,0.0363046958245753
0.00458715850794226,0.0363169860955651
0.00459020442992628,0.0363119857096289
0.00459325035191031,0.0362912180977639
0.00459629627389433,0.036255703829441
0.00459934219587836,0.0363111334879609
0.00460238811786238,0.0363729431591662
0.00460543403984641,0.0364281937616571
0.00460847996183043,0.036473018524217
0.00461152588381446,0.0365139008921386
0.00461457180579848,0.0365448762010077
0.00461761772778251,0.036557595055967
0.00462066364976654,0.036552733604708
0.00462370957175056,0.0365319819846023
0.00462675549373459,0.0364964430844506
0.00462980141571861,0.0365523839749786
0.00463284733770264,0.0366149646494672
0.00463589325968666,0.036670751105297
0.00463893918167069,0.0367160730920227
0.00464198510365471,0.0367573524014737
0.00464503102563874,0.0367887951228355
0.00464807694762276,0.0368018383219559
0.00465112286960679,0.0367970522450481
0.00465416879159081,0.036776283487546
0.00465721471357484,0.0367407104356777
0.00466026063555887,0.0367971564831698
0.00466330655754289,0.0368604630515398
0.00466635247952692,0.0369167779214376
0.00466939840151094,0.0369625592707022
0.00467244432349497,0.0370041963322865
0.00467549024547899,0.0370360708372018
0.00467853616746302,0.0370494340452094
0.00468158208944704,0.0370447146890598
0.00468462801143107,0.0370239082962838
0.00468767393341509,0.0369882838123467
0.00469071985539912,0.0370452362348016
0.00469376577738314,0.0371092205177622
0.00469681169936717,0.0371660648781169
0.0046998576213512,0.0372122961286981
0.00470290354333522,0.0372542777037975
0.00470594946531925,0.0372865585421852
0.00470899538730327,0.037300233961335
0.0047120413092873,0.0372955708384675
0.00471508723127132,0.0372747054359082
0.00471813315325535,0.0372390060783032
0.00472117907523937,0.0372964655398325
0.0047242249972234,0.0373610815807609
0.00472727091920742,0.0374184531607194
0.00473031684119145,0.0374651228164908
0.00473336276317548,0.037507442757457
0.0047364086851595,0.0375401153793326
0.00473945460714353,0.0375541055342351
0.00474250052912755,0.0375495002349663
0.00474554645111158,0.0375285722774222
0.0047485923730956,0.0374927960025158
0.00475163829507963,0.0375507966261938
0.00475468421706365,0.037616052985751
0.00475773013904768,0.0376740065609139
0.0047607760610317,0.0377211583549312
0.00476382198301573,0.037763866583975
0.00476686790499975,0.0377969548045813
0.00476991382698378,0.0378112771108893
0.00477295974896781,0.0378067391050146
0.00477600567095183,0.0377857523803982
0.00477905159293586,0.0377498979636076
0.00478209751491988,0.037808466349471
0.00478514343690391,0.0378743510534348
0.00478818935888793,0.0379329144760618
0.00479123528087196,0.0379805588445122
0.00479428120285598,0.0380236658930885
0.00479732712484001,0.0380571709169609
0.00480037304682403,0.0380718440398304
0.00480341896880806,0.0380673931135265
0.00480646489079208,0.0380463550475933
0.00480951081277611,0.0380104369882775
0.00481255673476014,0.0380696118692848
0.00481560265674416,0.0381361033218436
0.00481864857872819,0.0381953204076934
0.00482169450071221,0.0382435408566592
0.00482474042269624,0.0382871327110559
0.00482778634468026,0.0383210921560189
0.00483083226666429,0.0383361630713493
0.00483387818864831,0.0383318479800933
0.00483692411063234,0.03831079616169
0.00483997003261636,0.0382748183309715
0.00484301595460039,0.038334646312279
0.00484606187658441,0.0384017826105805
0.00484910779856844,0.0384617343420538
0.00485215372055247,0.0385105190016074
0.00485519964253649,0.0385546192936617
0.00485824556452052,0.0385890817341506
0.00486129148650454,0.0386045878367488
0.00486433740848857,0.0386004078651163
0.00486738333047259,0.0385793082309205
0.00487042925245662,0.0385432314121977
0.00487347517444064,0.0386037313746706
0.00487652109642467,0.0386714931819274
0.00487956701840869,0.038732202456292
0.00488261294039272,0.0387815526968034
0.00488565886237675,0.0388261041744552
0.00488870478436077,0.0388609014819313
0.0048917507063448,0.0388766275890822
0.00489479662832882,0.0388723625352741
0.00489784255031285,0.0388509922518826
0.00490088847229687,0.0388145965500575
0.0049039343942809,0.0388755567638114
0.00490698031626492,0.0389436167274718
0.00491002623824895,0.0390047606412688
0.00491307216023297,0.0390544304873093
0.004916118082217,0.0390990384677359
0.00491916400420103,0.0391337492668884
0.00492220992618505,0.0391494255796098
0.00492525584816908,0.0391449394837631
0.0049283017701531,0.0391232119977494
0.00493134769213713,0.0390864555231484
0.00493439361412115,0.0391477824622319
0.00493743953610518,0.0392159784248477
0.0049404854580892,0.0392774072154852
0.00494353138007323,0.0393272361963408
0.00494657730205725,0.0393717822955826
0.00494962322404128,0.0394063163981234
0.0049526691460253,0.0394218927499225
0.00495571506800933,0.0394171362358785
0.00495876098999336,0.0393950088254038
0.00496180691197738,0.0393578815264987
0.00496485283396141,0.0394194722515162
0.00496789875594543,0.0394876849721331
0.00497094467792946,0.0395493294040131
0.00497399059991348,0.0395992443305636
0.00497703652189751,0.0396436779888636
0.00498008244388153,0.0396779705813273
0.00498312836586556,0.0396933833154426
0.00498617428784958,0.0396883161358294
0.00498922020983361,0.0396657856989226
0.00499226613181763,0.0396283057643065
0.00499531205380166,0.0396900868739137
0.00499835797578569,0.0397582683033478
0.00500140389776971,0.0398201282820267
0.00500444981975374,0.0398701305829904
0.00500749574173776,0.0399144914390962
0.00501054166372179,0.0399485899583243
0.00501358758570581,0.0399638862113955
0.00501663350768984,0.0399585761328531
0.00501967942967386,0.0399357244208895
0.00502272535165789,0.0398979525683346
0.00502577127364191,0.0399599755453124
0.00502881719562594,0.0400281472349946
0.00503186311760996,0.0400902492663936
0.00503490903959399,0.0401403760860811
0.00503795496157802,0.0401847034161227
0.00504100088356204,0.0402186205830336
0.00504404680554607,0.0402337936889441
0.00504709272753009,0.0402282684960922
0.00505013864951412,0.0402051239131675
0.00505318457149814,0.0401670572010206
0.00505623049348217,0.0402292855487289
0.00505927641546619,0.0402973982389071
0.00506232233745022,0.0403597046646959
0.00506536825943424,0.0404099665910607
0.00506841418141827,0.0404542592424945
0.0050714601034023,0.0404879852991261
0.00507450602538632,0.0405030334968871
0.00507755194737035,0.0404973188751291
0.00508059786935437,0.0404738903711566
0.0050836437913384,0.040435515064966
0.00508668971332242,0.0404979269289037
0.00508973563530645,0.0405659471130012
0.00509278155729047,0.0406284221580588
0.0050958274792745,0.0406788256738025
0.00509887340125852,0.0407230628808313
0.00510191932324255,0.0407565715752384
0.00510496524522657,0.0407714831207044
0.0051080111672106,0.0407655846871201
0.00511105708919463,0.0407418600624726
0.00511410301117865,0.0407031584942023
0.00511714893316268,0.0407657413348253
0.0051201948551467,0.0408336468856708
0.00512324077713073,0.0408962554788992
0.00512628669911475,0.0409467783958868
0.00512933262109878,0.0409909218841199
0.0051323785430828,0.0410241776731471
0.00513542446506683,0.0410389317153639
0.00513847038705085,0.0410328330321798
0.00514151630903488,0.0410087820534784
0.0051445622310189,0.0409697345344446
0.00514760815300293,0.0410324492174699
0.00515065407498696,0.0411001915487089
0.00515369999697098,0.0411628737397798
0.00515674591895501,0.0412134487929602
0.00515979184093903,0.0412574373931784
0.00516283776292306,0.0412903824577739
0.00516588368490708,0.0413049898684166
0.00516892960689111,0.0412987644571183
0.00517197552887513,0.0412745029814584
0.00517502145085916,0.0412352650872717
0.00517806737284318,0.0412981555145053
0.00518111329482721,0.0413656645603363
0.00518415921681123,0.0414286013489012
0.00518720513879526,0.0414794315287749
0.00519025106077929,0.041523753465397
0.00519329698276331,0.0415569661392039
0.00519634290474734,0.0415718771305455
0.00519938882673136,0.0415657843903709
0.00520243474871539,0.0415414292142722
0.00520548067069941,0.0415020176649478
0.00520852659268344,0.0415652687717745
0.00521157251466746,0.0416329529288982
0.00521461843665149,0.0416966945681543
0.00521766435863551,0.0417483315242655
0.00522071028061954,0.0417933031537169
0.00522375620260357,0.0418268458530336
0.00522680212458759,0.0418420021640292
0.00522984804657162,0.0418359840972444
0.00523289396855564,0.0418114496725137
0.00523593989053967,0.041771731528944
0.00523898581252369,0.0418356136844171
0.00524203173450772,0.0419038229006872
0.00524507765649174,0.0419683280025876
0.00524812357847577,0.0420206236126294
0.00525116950045979,0.0420659690120405
0.00525421542244382,0.0420996781422129
0.00525726134442784,0.0421150513496022
0.00526030726641187,0.042109181348351
0.0052633531883959,0.0420846293691843
0.00526639911037992,0.0420448361710481
0.00526944503236395,0.0421096307338995
0.00527249095434797,0.0421785738661424
0.005275536876332,0.04224411974387
0.00527858279831602,0.0422973716844964
0.00528162872030005,0.0423435637138559
0.00528467464228407,0.0423779105051802
0.0052877205642681,0.0423938912128745
0.00529076648625212,0.0423885129906996
0.00529381240823615,0.0423642684739049
0.00529685833022017,0.0423246911754687
0.0052999042522042,0.0423908509808065
0.00530295017418823,0.0424610118720836
0.00530599609617225,0.042528136333966
0.00530904201815628,0.0425828371470761
0.0053120879401403,0.0426304359779721
0.00531513386212433,0.042665994260851
0.00531817978410835,0.0426831226541895
0.00532122570609238,0.0426787119422935
0.0053242716280764,0.0426551505369054
0.00532731755006043,0.0426159956443317
0.00533036347204445,0.0426838240768965
0.00533340939402848,0.0427552605995005
0.0053364553160125,0.0428238939407774
0.00533950123799653,0.0428798737761405
0.00534254715998056,0.0429286434510313
0.00534559308196458,0.0429650325805232
0.00534863900394861,0.0429827479945201
0.00535168492593263,0.0429786501866693
0.00535473084791666,0.0429550763833924
0.00535777676990068,0.0429157041272435
0.00536082269188471,0.0429840867119708
0.00536386861386873,0.0430559532597143
0.00536691453585276,0.0431252927750017
0.00536996045783678,0.0431818914366932
0.00537300637982081,0.0432309953418353
0.00537605230180484,0.0432673495723594
0.00537909822378886,0.0432848685484139
0.00538214414577289,0.0432804671904474
0.00538519006775691,0.0432564338837895
0.00538823598974094,0.0432165520921894
0.00539128191172496,0.0432851122468394
0.00539432783370899,0.0433569184102217
0.00539737375569301,0.0434263290207395
0.00540041967767704,0.0434829553737637
0.00540346559966106,0.0435317793804236
0.00540651152164509,0.0435675374548684
0.00540955744362911,0.0435844287837271
0.00541260336561314,0.0435794528180659
0.00541564928759717,0.0435548000593008
0.00541869520958119,0.0435142621901344
0.00542174113156522,0.0435826097956326
0.00542478705354924,0.0436539595109289
0.00542783297553327,0.043722982586013
0.00543087889751729,0.0437793081052852
0.00543392481950132,0.0438274745279534
0.00543697074148534,0.0438622765888382
0.00544001666346937,0.0438782158464052
0.00544306258545339,0.043872445918207
0.00544610850743742,0.0438470409169579
0.00544915442942144,0.0438057685835057
0.00545220035140547,0.0438736013558971
0.0054552462733895,0.043944175010369
0.00545829219537352,0.0440124254770224
0.00546133811735755,0.0440681565107046
0.00546438403934157,0.0441153094464728
0.0054674299613256,0.0441489955448775
0.00547047588330962,0.0441641121385701
0.00547352180529365,0.0441579286300286
0.00547656772727767,0.0441322899209905
0.0054796136492617,0.0440908820152838
0.00548265957124572,0.0441583784024192
0.00548570549322975,0.0442286843862998
0.00548875141521377,0.0442970613132101
0.0054917973371978,0.0443533387838024
0.00549484325918183,0.0444011073910997
0.00549788918116585,0.0444352741788608
0.00550093510314988,0.0444507076707824
0.0055039810251339,0.0444447916445124
0.00550702694711793,0.0444192602741056
0.00551007286910195,0.0443778046466998
0.00551311879108598,0.0444457449974593
0.00551616471307,0.0445166161597848
0.00551921063505403,0.0445857033844371
0.00552225655703805,0.0446428331194346
0.00552530247902208,0.0446913020412998
0.00552834840100611,0.0447259630154397
0.00553139432299013,0.0447416747786369
0.00553444024497416,0.0447359637877172
0.00553748616695818,0.0447104938532332
0.00554053208894221,0.044668932176698
0.00554357801092623,0.0447378872546647
0.00554662393291026,0.0448097880462127
0.00554966985489428,0.044879903896796
0.00555271577687831,0.0449380476356804
0.00555576169886233,0.0449871264657382
0.00555880762084636,0.045022289536697
0.00556185354283039,0.0450384436186013
0.00556489946481441,0.0450331725150357
0.00556794538679844,0.0450078459597269
0.00557099130878246,0.0449662214655363
0.00557403723076649,0.0450362941006791
0.00557708315275051,0.0451092126905728
0.00558012907473454,0.0451804418985437
0.00558317499671856,0.045239762553284
0.00558622091870259,0.0452898567814294
0.00558926684068661,0.0453259427591022
0.00559231276267064,0.0453428351576453
0.00559535868465466,0.045338108693856
0.00559840460663869,0.0453129739665793
0.00560145052862272,0.0452713815004438
0.00560449645060674,0.0453425226479222
0.00560754237259077,0.0454165942460233
0.00561058829457479,0.0454892481626237
0.00561363421655882,0.0455499771824046
0.00561668013854284,0.0456013984724758
0.00561972606052687,0.0456386286543218
0.00562277198251089,0.0456564058287665
0.00562581790449492,0.0456522661090997
0.00562886382647894,0.0456274093747077
0.00563190974846297,0.0455859498324248
0.00563495567044699,0.0456581728484451
0.00563800159243102,0.0457335807448784
0.00564104751441505,0.0458079117649692
0.00564409343639907,0.0458702602655033
0.0056471393583831,0.045923305498252
0.00565018528036712,0.0459619843048557
0.00565323120235115,0.0459809514445567
0.00565627712433517,0.0459776743258915
0.0056593230463192,0.0459534007906901
0.00566236896830322,0.0459123177741269
0.00566541489028725,0.0459862708597992
0.00566846081227127,0.0460639176522394
0.0056715067342553,0.0461409819496637
0.00567455265623932,0.0462061663160509
0.00567759857822335,0.0462621513811583
0.00568064450020738,0.0463033258117169
0.0056836904221914,0.0463240843496484
0.00568673634417543,0.0463219284961058
0.00568978226615945,0.0462982541098845
0.00569282818814348,0.0462571934483455
0.0056958741101275,0.0463329630932435
0.00569892003211153,0.0464125802968831
0.00570196595409555,0.0464915219347478
0.00570501187607958,0.0465583384875982
0.0057080577980636,0.0466154810311543
0.00571110372004763,0.0466571309739307
0.00571414964203166,0.0466778801478144
0.00571719556401568,0.046675473666676
0.00572024148599971,0.046651399478951
0.00572328740798373,0.0466097271809775
0.00572633332996776,0.0466861861920634
0.00572937925195178,0.0467667468040428
0.00573242517393581,0.0468465187448239
0.00573547109591983,0.0469141040405583
0.00573851701790386,0.0469717659667953
0.00574156293988788,0.0470137013484726
0.00574460886187191,0.047034426633026
0.00574765478385593,0.0470317631965633
0.00575070070583996,0.0470071648895083
0.00575374662782399,0.0469648221431093
0.00575679254980801,0.047041825563925
0.00575983847179204,0.0471231007567484
0.00576288439377606,0.0472035603448911
0.00576593031576009,0.0472719142849494
0.00576897623774411,0.0473299424441885
0.00577202215972814,0.0473717508698964
0.00577506808171216,0.0473919406400222
0.00577811400369619,0.047388617322376
0.00578115992568021,0.0473633491347921
0.00578420584766424,0.0473202787498424
0.00578725176964826,0.047397691802855
0.00579029769163229,0.0474794844130056
0.00579334361361632,0.0475600838370982
0.00579638953560034,0.0476286255806759
0.00579943545758437,0.047686294885065
0.00580248137956839,0.04772735837921
0.00580552730155242,0.0477466303587556
0.00580857322353644,0.0477425833033333
0.00581161914552047,0.0477167359895646
0.00581466506750449,0.047672994675882
0.00581771098948852,0.0477508141620012
0.00582075691147254,0.04783303309577
0.00582380283345657,0.0479133301377056
0.00582684875544059,0.0479815764145043
0.00582989467742462,0.0480387182522638
0.00583294059940865,0.0480793472349927
0.00583598652139267,0.0480981189127337
0.0058390324433767,0.0480936050885761
0.00584207836536072,0.0480672020352641
0.00584512428734475,0.0480227627312997
0.00584817020932877,0.0481008413945463
0.0058512161313128,0.048183178779659
0.00585426205329682,0.0482632002108539
0.00585730797528085,0.048331273221778
0.00586035389726487,0.0483880039563501
0.0058633998192489,0.0484281529885423
0.00586644574123293,0.0484463856976298
0.00586949166321695,0.0484415489218125
0.00587253758520098,0.0484149230087881
0.005875583507185,0.0483702572206539
0.00587862942916903,0.0484488841254126
0.00588167535115305,0.0485316156454955
0.00588472127313708,0.0486116714505479
0.0058877671951211,0.048679659696251
0.00589081311710513,0.0487361998762579
0.00589385903908915,0.0487763207496207
0.00589690496107318,0.0487946251522393
0.0058999508830572,0.0487899597162716
0.00590299680504123,0.0487634119751709
0.00590604272702526,0.048718787505952
0.00590908864900928,0.0487982763021439
0.00591213457099331,0.0488817292496204
0.00591518049297733,0.0489624474167627
0.00591822641496136,0.0490310689991673
0.00592127233694538,0.0490883273138586
0.00592431825892941,0.0491292179238352
0.00592736418091343,0.0491482485164511
0.00593041010289746,0.0491442430806946
0.00593345602488148,0.0491182740173748
0.00593650194686551,0.0490742065918503
0.00593954786884953,0.0491550056554127
0.00594259379083356,0.0492397748957356
0.00594563971281759,0.0493217494558552
0.00594868563480161,0.0493915531205438
0.00595173155678564,0.049450041464073
0.00595477747876966,0.0494918780482348
0.00595782340075369,0.0495115551284029
0.00596086932273771,0.0495079204246874
0.00596391524472174,0.0494822235657508
0.00596696116670576,0.0494382925440456
0.00597000708868979,0.0495191999735012
0.00597305301067381,0.0496044986752783
0.00597609893265784,0.0496867944570433
0.00597914485464186,0.0497569494937196
0.00598219077662589,0.0498158146009184
0.00598523669860992,0.0498582483003658
0.00598828262059394,0.0498784495378976
0.00599132854257797,0.0498751571193782
0.00599437446456199,0.0498495375157775
0.00599742038654602,0.0498054040083542
